 34,  99, 113,  44,  35, 100, 114,  45
  5,  44,  58,  16,   6,  45,  59,  17
 44, 113, 130,  58,  45, 114, 131,  59
113, 188, 205, 130, 114, 189, 206, 131
 58, 130, 144,  72,  59, 131, 145,  73
  1,  35,  45,   6,   2,  36,  46,   7
 35, 100, 114,  45,  36, 101, 115,  46
  6,  45,  59,  17,   7,  46,  60,  18
 45, 114, 131,  59,  46, 115, 132,  60
114, 189, 206, 131, 115, 190, 207, 132
189, 265, 280, 206, 190, 266, 281, 207
265, 324, 333, 280, 266, 325, 334, 281
 17,  59,  73,  27,  18,  60,  74,  28
 59, 131, 145,  73,  60, 132, 146,  74
131, 206, 219, 145, 132, 207, 220, 146
206, 280, 293, 219, 207, 281, 294, 220
 73, 145, 158,  86,  74, 146, 159,  87
145, 219, 232, 158, 146, 220, 233, 159
  2,  36,  46,   7,   3,  37,  47,   8
 36, 101, 115,  46,  37, 102, 116,  47
  7,  46,  60,  18,   8,  47,  61,  19
 46, 115, 132,  60,  47, 116, 133,  61
115, 190, 207, 132, 116, 191, 208, 133
190, 266, 281, 207, 191, 267, 282, 208
266, 325, 334, 281, 267, 326, 335, 282
 18,  60,  74,  28,  19,  61,  75,  29
 60, 132, 146,  74,  61, 133, 147,  75
132, 207, 220, 146, 133, 208, 221, 147
207, 281, 294, 220, 208, 282, 295, 221
 74, 146, 159,  87,  75, 147, 160,  88
146, 220, 233, 159, 147, 221, 234, 160
  3,  37,  47,   8,   4,  38,  48,   9
 37, 102, 116,  47,  38, 103, 117,  48
  8,  47,  61,  19,   9,  48,  62,  20
 47, 116, 133,  61,  48, 117, 134,  62
116, 191, 208, 133, 117, 192, 209, 134
191, 267, 282, 208, 192, 268, 283, 209
267, 326, 335, 282, 268, 327, 336, 283
 19,  61,  75,  29,  20,  62,  76,  30
 61, 133, 147,  75,  62, 134, 148,  76
133, 208, 221, 147, 134, 209, 222, 148
208, 282, 295, 221, 209, 283, 296, 222
 75, 147, 160,  88,  76, 148, 161,  89
147, 221, 234, 160, 148, 222, 235, 161
  9,  48,  62,  20,  10,  49,  63,  21
 48, 117, 134,  62,  49, 118, 135,  63
117, 192, 209, 134, 118, 193, 210, 135
192, 268, 283, 209, 193, 269, 284, 210
 20,  62,  76,  30,  21,  63,  77,  31
 62, 134, 148,  76,  63, 135, 149,  77
134, 209, 222, 148, 135, 210, 223, 149
209, 283, 296, 222, 210, 284, 297, 223
 76, 148, 161,  89,  77, 149, 162,  90
148, 222, 235, 161, 149, 223, 236, 162
 10,  49,  63,  21,  11,  50,  64,  22
 49, 118, 135,  63,  50, 119, 136,  64
118, 193, 210, 135, 119, 194, 211, 136
193, 269, 284, 210, 194, 270, 285, 211
 21,  63,  77,  31,  22,  64,  78,  32
 63, 135, 149,  77,  64, 136, 150,  78
135, 210, 223, 149, 136, 211, 224, 150
210, 284, 297, 223, 211, 285, 298, 224
 77, 149, 162,  90,  78, 150, 163,  91
149, 223, 236, 162, 150, 224, 237, 163
 11,  50,  64,  22,  12,  51,  65,  23
 50, 119, 136,  64,  51, 120, 137,  65
119, 194, 211, 136, 120, 195, 212, 137
194, 270, 285, 211, 195, 271, 286, 212
 22,  64,  78,  32,  23,  65,  79,  33
 64, 136, 150,  78,  65, 137, 151,  79
136, 211, 224, 150, 137, 212, 225, 151
 78, 150, 163,  91,  79, 151, 164,  92
 12,  51,  65,  23,  13,  52,  66,  24
 51, 120, 137,  65,  52, 121, 138,  66
120, 195, 212, 137, 121, 196, 213, 138
195, 271, 286, 212, 196, 272, 287, 213
 65, 137, 151,  79,  66, 138, 152,  80
137, 212, 225, 151, 138, 213, 226, 152
104, 178, 196, 121, 105, 179, 197, 122
178, 255, 272, 196, 179, 256, 273, 197
 52, 121, 138,  66,  53, 122, 139,  67
121, 196, 213, 138, 122, 197, 214, 139
196, 272, 287, 213, 197, 273, 288, 214
 66, 138, 152,  80,  67, 139, 153,  81
138, 213, 226, 152, 139, 214, 227, 153
 39, 105, 122,  53,  40, 106, 123,  54
105, 179, 197, 122, 106, 180, 198, 123
179, 256, 273, 197, 180, 257, 274, 198
 53, 122, 139,  67,  54, 123, 140,  68
122, 197, 214, 139, 123, 198, 215, 140
197, 273, 288, 214, 198, 274, 289, 215
 67, 139, 153,  81,  68, 140, 154,  82
139, 214, 227, 153, 140, 215, 228, 154
170, 247, 257, 180, 171, 248, 258, 181
 40, 106, 123,  54,  41, 107, 124,  55
106, 180, 198, 123, 107, 181, 199, 124
180, 257, 274, 198, 181, 258, 275, 199
257, 317, 328, 274, 258, 318, 329, 275
 54, 123, 140,  68,  55, 124, 141,  69
123, 198, 215, 140, 124, 199, 216, 141
198, 274, 289, 215, 199, 275, 290, 216
 68, 140, 154,  82,  69, 141, 155,  83
140, 215, 228, 154, 141, 216, 229, 155
 93, 171, 181, 107,  94, 172, 182, 108
171, 248, 258, 181, 172, 249, 259, 182
248, 311, 318, 258, 249, 312, 319, 259
 41, 107, 124,  55,  42, 108, 125,  56
107, 181, 199, 124, 108, 182, 200, 125
181, 258, 275, 199, 182, 259, 276, 200
258, 318, 329, 275, 259, 319, 330, 276
 14,  55,  69,  25,  15,  56,  70,  26
 55, 124, 141,  69,  56, 125, 142,  70
124, 199, 216, 141, 125, 200, 217, 142
199, 275, 290, 216, 200, 276, 291, 217
 69, 141, 155,  83,  70, 142, 156,  84
141, 216, 229, 155, 142, 217, 230, 156
216, 290, 299, 229, 217, 291, 300, 230
 94, 172, 182, 108,  95, 173, 183, 109
172, 249, 259, 182, 173, 250, 260, 183
249, 312, 319, 259, 250, 313, 320, 260
 42, 108, 125,  56,  43, 109, 126,  57
108, 182, 200, 125, 109, 183, 201, 126
182, 259, 276, 200, 183, 260, 277, 201
259, 319, 330, 276, 260, 320, 331, 277
 56, 125, 142,  70,  57, 126, 143,  71
125, 200, 217, 142, 126, 201, 218, 143
200, 276, 291, 217, 201, 277, 292, 218
 70, 142, 156,  84,  71, 143, 157,  85
142, 217, 230, 156, 143, 218, 231, 157
217, 291, 300, 230, 218, 292, 301, 231
165, 242, 250, 173, 166, 243, 251, 174
242, 306, 313, 250, 243, 307, 314, 251
 95, 173, 183, 109,  96, 174, 184, 110
173, 250, 260, 183, 174, 251, 261, 184
250, 313, 320, 260, 251, 314, 321, 261
109, 183, 201, 126, 110, 184, 202, 127
183, 260, 277, 201, 184, 261, 278, 202
260, 320, 331, 277, 261, 321, 332, 278
238, 302, 307, 243, 239, 303, 308, 244
166, 243, 251, 174, 167, 244, 252, 175
243, 307, 314, 251, 244, 308, 315, 252
 96, 174, 184, 110,  97, 175, 185, 111
174, 251, 261, 184, 175, 252, 262, 185
251, 314, 321, 261, 252, 315, 322, 262
110, 184, 202, 127, 111, 185, 203, 128
184, 261, 278, 202, 185, 262, 279, 203
239, 303, 308, 244, 240, 304, 309, 245
167, 244, 252, 175, 168, 245, 253, 176
244, 308, 315, 252, 245, 309, 316, 253
 97, 175, 185, 111,  98, 176, 186, 112
175, 252, 262, 185, 176, 253, 263, 186
252, 315, 322, 262, 253, 316, 323, 263
111, 185, 203, 128, 112, 186, 204, 129
240, 304, 309, 245, 241, 305, 310, 246
168, 245, 253, 176, 169, 246, 254, 177
176, 253, 263, 186, 177, 254, 264, 187